998001
997002
996004
995006
994009
993012
992016
991020
990025
989030
988036
987042
986049
985056
984064
983072
982081
981090
980100
979110
978121
977132
976144
975156
974169
973182
972196
971210
970225
969240
968256
967272
966289
965306
964324
963342
962361
961380
960400
959420
958441
957462
956484
955506
954529
953552
952576
951600
950625
949650
948676
947702
946729
945756
944784
943812
942841
941870
940900
939930
938961
937992
937024
936056
935089
934122
933156
932190
931225
930260
929296
928332
927369
926406
925444
924482
923521
922560
921600
920640
919681
918722
917764
916806
915849
914892
913936
912980
912025
911070
910116
909162
908209
907256
906304
905352
904401
903450
902500
901550
900601
899652
898704
897756
896809
895862
894916
893970
893025
892080
891136
890192
889249
888306
887364
886422
885481
884540
883600
882660
881721
880782
879844
878906
877969
877032
876096
875160
874225
873290
872356
871422
870489
869556
868624
867692
866761
865830
864900
863970
863041
862112
861184
860256
859329
858402
857476
856550
855625
854700
853776
852852
851929
851006
850084
849162
848241
847320
846400
845480
844561
843642
842724
841806
840889
839972
839056
838140
837225
836310
835396
834482
833569
832656
831744
830832
829921
829010
828100
827190
826281
825372
824464
823556
822649
821742
820836
819930
819025
818120
817216
816312
815409
814506
813604
812702
811801
810900
810000
809100
808201
807302
806404
805506
804609
803712
802816
801920
801025
800130
799236
798342
797449
796556
795664
794772
793881
792990
792100
791210
790321
789432
788544
787656
786769
785882
784996
784110
783225
782340
781456
780572
779689
778806
777924
777042
776161
775280
774400
773520
772641
771762
770884
770006
769129
768252
767376
766500
765625
764750
763876
763002
762129
761256
760384
759512
758641
757770
756900
756030
755161
754292
753424
752556
751689
750822
749956
749090
748225
747360
746496
745632
744769
743906
743044
742182
741321
740460
739600
738740
737881
737022
736164
735306
734449
733592
732736
731880
731025
730170
729316
728462
727609
726756
725904
725052
724201
723350
722500
721650
720801
719952
719104
718256
717409
716562
715716
714870
714025
713180
712336
711492
710649
709806
708964
708122
707281
706440
705600
704760
703921
703082
702244
701406
700569
699732
698896
836 * 836 = 698896
